LENS PARMS:
   alpha 5.071404e+00 0.0 0.0 3.789130e-01 -7.016271e+01 1.000000e-01 1.000000e+01 0.0 0.0 1.000000e+00
SOURCE PARMS:
   ptsrc 1.618281e+02 -1.529137e-01 2.365053e-01 0.0 0.0 0.0 0.0 0.0
   ptsrc 1.767520e+02 -1.426624e-01 7.684365e-01 0.0 0.0 0.0 0.0 0.0
   ptsrc 2.667833e+01 -2.064419e-01 4.772817e-01 0.0 0.0 0.0 0.0 0.0
CHISQ: 2.634884e+01 2.555123e+01 7.976125e-01 0.000000e+00 0.000000e+00 0.000000e+00 0.000000e+00 0.000000e+00 0.000000e+00 # tot pos flux tdel gal plim crv ring weak

Source #1
  posn: -1.529137e-01  2.365053e-01
  flux:  1.618281e+02
     h:  7.000000e-01
  zsrc:  2.379000e+00
tscale:  4.789846e+01
images:
  -3.4800   4.5600 (5.0e-02) 1000.0000 ( 1.00e+03)   0.00 (0.0e+00) ->  -3.4088   4.4137 975.3581   0.0000
   5.0800   1.3200 (5.0e-02) 1000.0000 ( 1.00e+03)   0.00 (0.0e+00) ->   5.1318   1.3005 1023.4832 260.5150

Source #2
  posn: -1.426624e-01  7.684365e-01
  flux:  1.767520e+02
     h:  7.000000e-01
  zsrc:  2.379000e+00
tscale:  4.789846e+01
images:
  -2.2800   5.2800 (5.0e-02) 1000.0000 ( 1.00e+03)   0.00 (0.0e+00) ->  -2.3581   5.4236 835.1449   0.0000
  -1.5200  -4.1600 (5.0e-02) 1000.0000 ( 1.00e+03)   0.00 (0.0e+00) ->  -1.5615  -4.1932 1122.6378 584.9053

Source #3
  posn: -2.064419e-01  4.772817e-01
  flux:  2.667833e+01
     h:  7.000000e-01
  zsrc:  2.379000e+00
tscale:  4.789846e+01
images:
  -3.1600   4.8800 (5.0e-02) 1000.0000 ( 1.00e+03)   0.00 (0.0e+00) ->  -3.1346   4.8288 138.2168   0.0000
   4.6400  -2.1600 (5.0e-02) 1000.0000 ( 1.00e+03)   0.00 (0.0e+00) ->   4.6069  -2.1390 1107.5466 360.5396


