LENS PARMS:
   alpha 5.093780e+00 -2.504642e-02 8.322282e-02 3.088909e-01 -8.958965e+01 1.084014e-01 -1.118567e+01 0.0 0.0 1.000000e+00
SOURCE PARMS:
   ptsrc 1.112912e+02 -1.088588e-01 1.848900e-01 0.0 0.0 0.0 0.0 0.0
   ptsrc 1.315810e+02 -8.798917e-02 6.151392e-01 0.0 0.0 0.0 0.0 0.0
   ptsrc 1.129629e+01 -1.878301e-01 4.561996e-01 0.0 0.0 0.0 0.0 0.0
CHISQ: 1.357713e+01 9.626701e+00 9.290868e-01 0.000000e+00 3.021344e+00 0.000000e+00 0.000000e+00 0.000000e+00 0.000000e+00 # tot pos flux tdel gal plim crv ring weak

Source #1
  posn: -1.088588e-01  1.848900e-01
  flux:  1.112912e+02
     h:  7.000000e-01
  zsrc:  2.379000e+00
tscale:  4.789846e+01
images:
  -3.4800   4.5600 (5.0e-02) 1000.0000 ( 1.00e+03)   0.00 (0.0e+00) ->  -3.4171   4.4485 927.1677   0.0000
   5.0800   1.3200 (5.0e-02) 1000.0000 ( 1.00e+03)   0.00 (0.0e+00) ->   5.0737   1.3031 1063.4960 155.8412

Source #2
  posn: -8.798917e-02  6.151392e-01
  flux:  1.315810e+02
     h:  7.000000e-01
  zsrc:  2.379000e+00
tscale:  4.789846e+01
images:
  -2.2800   5.2800 (5.0e-02) 1000.0000 ( 1.00e+03)   0.00 (0.0e+00) ->  -2.3104   5.3450 812.1851   0.0000
  -1.5200  -4.1600 (5.0e-02) 1000.0000 ( 1.00e+03)   0.00 (0.0e+00) ->  -1.5351  -4.1728 1134.4608 398.7991

Source #3
  posn: -1.878301e-01  4.561996e-01
  flux:  1.129629e+01
     h:  7.000000e-01
  zsrc:  2.379000e+00
tscale:  4.789846e+01
images:
  -3.1600   4.8800 (5.0e-02) 1000.0000 ( 1.00e+03)   0.00 (0.0e+00) ->  -3.1741   4.8911  71.2844   0.0000
   4.6400  -2.1600 (5.0e-02) 1000.0000 ( 1.00e+03)   0.00 (0.0e+00) ->   4.6735  -2.1793 1062.3192 290.3787


