LENS PARMS:
   alpha 4.601491e+00 0.0 0.0 6.094890e-01 -5.993208e+00 2.024460e-01 -9.000000e+01 0.0 0.0 1.000000e+00
SOURCE PARMS:
   ptsrc 1.526181e+02 2.070883e-01 4.241166e-01 0.0 0.0 0.0 0.0 0.0
   ptsrc 1.678755e+02 -2.090320e-01 5.170035e-02 0.0 0.0 0.0 0.0 0.0
   ptsrc 2.275654e+02 6.579305e-01 5.676594e-01 0.0 0.0 0.0 0.0 0.0
CHISQ: 9.755816e+00 9.140937e+00 6.148784e-01 0.000000e+00 0.000000e+00 0.000000e+00 0.000000e+00 0.000000e+00 0.000000e+00 # tot pos flux tdel gal plim crv ring weak

Source #1
  posn:  2.070883e-01  4.241166e-01
  flux:  1.526181e+02
     h:  7.000000e-01
  zsrc:  2.379000e+00
tscale:  4.789846e+01
images:
  -3.4800   4.5600 (5.0e-02) 1000.0000 ( 1.00e+03)   0.00 (0.0e+00) ->  -3.5445   4.6174 782.3467  15.5981
   5.0400   1.3600 (5.0e-02) -1000.0000 ( 1.00e+03)   0.00 (0.0e+00) ->   5.0852   1.3588 -1148.2903   0.0000

Source #2
  posn: -2.090320e-01  5.170035e-02
  flux:  1.678755e+02
     h:  7.000000e-01
  zsrc:  2.379000e+00
tscale:  4.789846e+01
images:
   1.6800   5.2000 (5.0e-02) 1000.0000 ( 1.00e+03)   0.00 (0.0e+00) ->   1.6368   5.1534 582.7221 147.0831
   4.6000  -2.2400 (5.0e-02) -1000.0000 ( 1.00e+03)   0.00 (0.0e+00) ->   4.5414  -2.2116 -1202.2514   0.0000

Source #3
  posn:  6.579305e-01  5.676594e-01
  flux:  2.275654e+02
     h:  7.000000e-01
  zsrc:  2.379000e+00
tscale:  4.789846e+01
images:
   5.4400   1.8400 (5.0e-02) 1000.0000 ( 1.00e+03)   0.00 (0.0e+00) ->   5.3984   1.8447 1206.1566   0.0000
  -1.5200  -4.2000 (5.0e-02) -1000.0000 ( 1.00e+03)   0.00 (0.0e+00) ->  -1.5759  -4.2146 -463.3545 705.0190


LENS PARMS:
   alpha 4.643409e+00 0.0 0.0 5.974677e-01 -1.232615e+00 2.065720e-01 -8.500000e+01 0.0 0.0 1.000000e+00
SOURCE PARMS:
   ptsrc 1.426337e+02 2.683254e-01 3.952897e-01 0.0 0.0 0.0 0.0 0.0
   ptsrc 1.468236e+02 -2.821488e-01 4.561739e-02 0.0 0.0 0.0 0.0 0.0
   ptsrc 2.205759e+02 7.174828e-01 5.493730e-01 0.0 0.0 0.0 0.0 0.0
CHISQ: 1.498264e+01 1.456312e+01 4.195183e-01 0.000000e+00 0.000000e+00 0.000000e+00 0.000000e+00 0.000000e+00 0.000000e+00 # tot pos flux tdel gal plim crv ring weak

Source #1
  posn:  2.683254e-01  3.952897e-01
  flux:  1.426337e+02
     h:  7.000000e-01
  zsrc:  2.379000e+00
tscale:  4.789846e+01
images:
  -3.4800   4.5600 (5.0e-02) 1000.0000 ( 1.00e+03)   0.00 (0.0e+00) ->  -3.5610   4.6329 849.5120  68.5756
   5.0400   1.3600 (5.0e-02) -1000.0000 ( 1.00e+03)   0.00 (0.0e+00) ->   5.0925   1.3591 -1114.6880   0.0000

Source #2
  posn: -2.821488e-01  4.561739e-02
  flux:  1.468236e+02
     h:  7.000000e-01
  zsrc:  2.379000e+00
tscale:  4.789846e+01
images:
   1.6800   5.2000 (5.0e-02) 1000.0000 ( 1.00e+03)   0.00 (0.0e+00) ->   1.6235   5.1259 669.0800 109.7926
   4.6000  -2.2400 (5.0e-02) -1000.0000 ( 1.00e+03)   0.00 (0.0e+00) ->   4.5344  -2.2073 -1186.5945   0.0000

Source #3
  posn:  7.174828e-01  5.493730e-01
  flux:  2.205759e+02
     h:  7.000000e-01
  zsrc:  2.379000e+00
tscale:  4.789846e+01
images:
   5.4400   1.8400 (5.0e-02) 1000.0000 ( 1.00e+03)   0.00 (0.0e+00) ->   5.3894   1.8461 1204.9098   0.0000
  -1.5200  -4.2000 (5.0e-02) -1000.0000 ( 1.00e+03)   0.00 (0.0e+00) ->  -1.5871  -4.2252 -555.6975 706.6676


LENS PARMS:
   alpha 4.637052e+00 0.0 0.0 6.022472e-01 4.113606e+00 2.199774e-01 -8.000000e+01 0.0 0.0 1.000000e+00
SOURCE PARMS:
   ptsrc 1.307880e+02 3.409586e-01 3.711116e-01 0.0 0.0 0.0 0.0 0.0
   ptsrc 1.250100e+02 -3.583421e-01 2.514040e-02 0.0 0.0 0.0 0.0 0.0
   ptsrc 2.116150e+02 7.743050e-01 5.333557e-01 0.0 0.0 0.0 0.0 0.0
CHISQ: 2.370989e+01 2.351723e+01 1.926627e-01 0.000000e+00 0.000000e+00 0.000000e+00 0.000000e+00 0.000000e+00 0.000000e+00 # tot pos flux tdel gal plim crv ring weak

Source #1
  posn:  3.409586e-01  3.711116e-01
  flux:  1.307880e+02
     h:  7.000000e-01
  zsrc:  2.379000e+00
tscale:  4.789846e+01
images:
  -3.4800   4.5600 (5.0e-02) 1000.0000 ( 1.00e+03)   0.00 (0.0e+00) ->  -3.5825   4.6512 967.0655 131.3615
   5.0400   1.3600 (5.0e-02) -1000.0000 ( 1.00e+03)   0.00 (0.0e+00) ->   5.1064   1.3609 -1030.8953   0.0000

Source #2
  posn: -3.583421e-01  2.514040e-02
  flux:  1.250100e+02
     h:  7.000000e-01
  zsrc:  2.379000e+00
tscale:  4.789846e+01
images:
   1.6800   5.2000 (5.0e-02) 1000.0000 ( 1.00e+03)   0.00 (0.0e+00) ->   1.6040   5.0880 802.3337  78.4950
   4.6000  -2.2400 (5.0e-02) -1000.0000 ( 1.00e+03)   0.00 (0.0e+00) ->   4.5343  -2.2049 -1139.2138   0.0000

Source #3
  posn:  7.743050e-01  5.333557e-01
  flux:  2.116150e+02
     h:  7.000000e-01
  zsrc:  2.379000e+00
tscale:  4.789846e+01
images:
   5.4400   1.8400 (5.0e-02) 1000.0000 ( 1.00e+03)   0.00 (0.0e+00) ->   5.3740   1.8463 1182.3460   0.0000
  -1.5200  -4.2000 (5.0e-02) -1000.0000 ( 1.00e+03)   0.00 (0.0e+00) ->  -1.5979  -4.2350 -685.4830 709.0547


LENS PARMS:
   alpha 4.600397e+00 0.0 0.0 6.171319e-01 9.848857e+00 2.373650e-01 -7.500000e+01 0.0 0.0 1.000000e+00
SOURCE PARMS:
   ptsrc 1.032854e+02 4.212817e-01 3.539346e-01 0.0 0.0 0.0 0.0 0.0
   ptsrc 9.931300e+01 -4.289810e-01 -1.756649e-02 0.0 0.0 0.0 0.0 0.0
   ptsrc 1.938062e+02 8.067844e-01 5.168727e-01 0.0 0.0 0.0 0.0 0.0
CHISQ: 4.047914e+01 4.038489e+01 9.425625e-02 0.000000e+00 0.000000e+00 0.000000e+00 0.000000e+00 0.000000e+00 0.000000e+00 # tot pos flux tdel gal plim crv ring weak

Source #1
  posn:  4.212817e-01  3.539346e-01
  flux:  1.032854e+02
     h:  7.000000e-01
  zsrc:  2.379000e+00
tscale:  4.789846e+01
images:
  -3.4800   4.5600 (5.0e-02) 1000.0000 ( 1.00e+03)   0.00 (0.0e+00) ->  -3.6046   4.6693 1142.4133 203.5487
   5.0400   1.3600 (5.0e-02) -1000.0000 ( 1.00e+03)   0.00 (0.0e+00) ->   5.1346   1.3681 -795.4745   0.0000

Source #2
  posn: -4.289810e-01 -1.756649e-02
  flux:  9.931300e+01
     h:  7.000000e-01
  zsrc:  2.379000e+00
tscale:  4.789846e+01
images:
   1.6800   5.2000 (5.0e-02) 1000.0000 ( 1.00e+03)   0.00 (0.0e+00) ->   1.5689   5.0258 998.7039  55.8441
   4.6000  -2.2400 (5.0e-02) -1000.0000 ( 1.00e+03)   0.00 (0.0e+00) ->   4.5587  -2.2068 -1001.2928   0.0000

Source #3
  posn:  8.067844e-01  5.168727e-01
  flux:  1.938062e+02
     h:  7.000000e-01
  zsrc:  2.379000e+00
tscale:  4.789846e+01
images:
   5.4400   1.8400 (5.0e-02) 1000.0000 ( 1.00e+03)   0.00 (0.0e+00) ->   5.3466   1.8445 1109.6757   0.0000
  -1.5200  -4.2000 (5.0e-02) -1000.0000 ( 1.00e+03)   0.00 (0.0e+00) ->  -1.6099  -4.2461 -858.1836 699.3301


LENS PARMS:
   alpha 4.677510e+00 0.0 0.0 5.926752e-01 1.487497e+01 2.271827e-01 -7.000000e+01 0.0 0.0 1.000000e+00
SOURCE PARMS:
   ptsrc 3.999345e+01 4.228935e-01 3.373484e-01 0.0 0.0 0.0 0.0 0.0
   ptsrc 8.564219e+01 -4.268468e-01 -7.215571e-02 0.0 0.0 0.0 0.0 0.0
   ptsrc 1.736128e+02 7.353488e-01 4.905989e-01 0.0 0.0 0.0 0.0 0.0
CHISQ: 7.307822e+01 7.254834e+01 5.298877e-01 0.000000e+00 0.000000e+00 0.000000e+00 0.000000e+00 0.000000e+00 0.000000e+00 # tot pos flux tdel gal plim crv ring weak

Source #1
  posn:  4.228935e-01  3.373484e-01
  flux:  3.999345e+01
     h:  7.000000e-01
  zsrc:  2.379000e+00
tscale:  4.789846e+01
images:
  -3.4800   4.5600 (5.0e-02) 1000.0000 ( 1.00e+03)   0.00 (0.0e+00) ->  -3.6012   4.6751 1179.5733 227.3685
   5.0400   1.3600 (5.0e-02) -1000.0000 ( 1.00e+03)   0.00 (0.0e+00) ->   5.1667   1.3826 -304.6027   0.0000

Source #2
  posn: -4.268468e-01 -7.215571e-02
  flux:  8.564219e+01
     h:  7.000000e-01
  zsrc:  2.379000e+00
tscale:  4.789846e+01
images:
   1.6800   5.2000 (5.0e-02) 1000.0000 ( 1.00e+03)   0.00 (0.0e+00) ->   1.5142   4.9241 1067.6938  54.7626
   4.6000  -2.2400 (5.0e-02) -1000.0000 ( 1.00e+03)   0.00 (0.0e+00) ->   4.6540  -2.2246 -921.5730   0.0000

Source #3
  posn:  7.353488e-01  4.905989e-01
  flux:  1.736128e+02
     h:  7.000000e-01
  zsrc:  2.379000e+00
tscale:  4.789846e+01
images:
   5.4400   1.8400 (5.0e-02) 1000.0000 ( 1.00e+03)   0.00 (0.0e+00) ->   5.3122   1.8391 1039.1080   0.0000
  -1.5200  -4.2000 (5.0e-02) -1000.0000 ( 1.00e+03)   0.00 (0.0e+00) ->  -1.6220  -4.2581 -957.5615 639.8656


LENS PARMS:
   alpha 4.894246e+00 0.0 0.0 5.046652e-01 1.861824e+01 1.812260e-01 -6.500000e+01 0.0 0.0 1.000000e+00
SOURCE PARMS:
   ptsrc 4.798708e+00 3.244005e-01 2.998596e-01 0.0 0.0 0.0 0.0 0.0
   ptsrc 8.609977e+01 -3.537342e-01 -1.063960e-01 0.0 0.0 0.0 0.0 0.0
   ptsrc 1.638640e+02 5.879858e-01 4.429516e-01 0.0 0.0 0.0 0.0 0.0
CHISQ: 1.157337e+02 1.147923e+02 9.414251e-01 0.000000e+00 0.000000e+00 0.000000e+00 0.000000e+00 0.000000e+00 0.000000e+00 # tot pos flux tdel gal plim crv ring weak

Source #1
  posn:  3.244005e-01  2.998596e-01
  flux:  4.798708e+00
     h:  7.000000e-01
  zsrc:  2.379000e+00
tscale:  4.789846e+01
images:
  -3.4800   4.5600 (5.0e-02) 1000.0000 ( 1.00e+03)   0.00 (0.0e+00) ->  -3.5458   4.6357 1035.7157 182.8543
   5.0400   1.3600 (5.0e-02) -1000.0000 ( 1.00e+03)   0.00 (0.0e+00) ->   5.1876   1.4025 -38.4713   0.0000

Source #2
  posn: -3.537342e-01 -1.063960e-01
  flux:  8.609977e+01
     h:  7.000000e-01
  zsrc:  2.379000e+00
tscale:  4.789846e+01
images:
   1.6800   5.2000 (5.0e-02) 1000.0000 ( 1.00e+03)   0.00 (0.0e+00) ->   1.4785   4.8233 922.6414  66.7225
   4.6000  -2.2400 (5.0e-02) -1000.0000 ( 1.00e+03)   0.00 (0.0e+00) ->   4.7687  -2.2646 -1066.8988   0.0000

Source #3
  posn:  5.879858e-01  4.429516e-01
  flux:  1.638640e+02
     h:  7.000000e-01
  zsrc:  2.379000e+00
tscale:  4.789846e+01
images:
   5.4400   1.8400 (5.0e-02) 1000.0000 ( 1.00e+03)   0.00 (0.0e+00) ->   5.2986   1.8384 1048.1144   0.0000
  -1.5200  -4.2000 (5.0e-02) -1000.0000 ( 1.00e+03)   0.00 (0.0e+00) ->  -1.6409  -4.2842 -946.7332 542.9057


LENS PARMS:
   alpha 5.102762e+00 0.0 0.0 3.728330e-01 2.000480e+01 1.244360e-01 -6.000000e+01 0.0 0.0 1.000000e+00
SOURCE PARMS:
   ptsrc 1.041460e+01 2.189332e-01 2.783820e-01 0.0 0.0 0.0 0.0 0.0
   ptsrc 8.675421e+01 -2.340709e-01 -9.647218e-02 0.0 0.0 0.0 0.0 0.0
   ptsrc 1.524874e+02 4.321891e-01 4.005100e-01 0.0 0.0 0.0 0.0 0.0
CHISQ: 1.524713e+02 1.515277e+02 9.435402e-01 0.000000e+00 0.000000e+00 0.000000e+00 0.000000e+00 0.000000e+00 0.000000e+00 # tot pos flux tdel gal plim crv ring weak

Source #1
  posn:  2.189332e-01  2.783820e-01
  flux:  1.041460e+01
     h:  7.000000e-01
  zsrc:  2.379000e+00
tscale:  4.789846e+01
images:
  -3.4800   4.5600 (5.0e-02) 1000.0000 ( 1.00e+03)   0.00 (0.0e+00) ->  -3.4872   4.5665 1080.7060 110.4220
   5.0400   1.3600 (5.0e-02) -1000.0000 ( 1.00e+03)   0.00 (0.0e+00) ->   5.2058   1.4192 -96.5392   0.0000

Source #2
  posn: -2.340709e-01 -9.647218e-02
  flux:  8.675421e+01
     h:  7.000000e-01
  zsrc:  2.379000e+00
tscale:  4.789846e+01
images:
   1.6800   5.2000 (5.0e-02) 1000.0000 ( 1.00e+03)   0.00 (0.0e+00) ->   1.4868   4.7727 776.6782  83.7026
   4.6000  -2.2400 (5.0e-02) -1000.0000 ( 1.00e+03)   0.00 (0.0e+00) ->   4.8591  -2.3161 -1150.7297   0.0000

Source #3
  posn:  4.321891e-01  4.005100e-01
  flux:  1.524874e+02
     h:  7.000000e-01
  zsrc:  2.379000e+00
tscale:  4.789846e+01
images:
   5.4400   1.8400 (5.0e-02) 1000.0000 ( 1.00e+03)   0.00 (0.0e+00) ->   5.2845   1.8338 1129.2527   0.0000
  -1.5200  -4.2000 (5.0e-02) -1000.0000 ( 1.00e+03)   0.00 (0.0e+00) ->  -1.6586  -4.3069 -822.5540 446.7554


LENS PARMS:
   alpha 5.209286e+00 0.0 0.0 2.475479e-01 1.813203e+01 7.950709e-02 -5.500000e+01 0.0 0.0 1.000000e+00
SOURCE PARMS:
   ptsrc 4.514812e+01 1.579837e-01 2.791065e-01 0.0 0.0 0.0 0.0 0.0
   ptsrc 9.359654e+01 -1.339152e-01 -7.712418e-02 0.0 0.0 0.0 0.0 0.0
   ptsrc 1.317415e+02 3.164091e-01 3.747303e-01 0.0 0.0 0.0 0.0 0.0
CHISQ: 1.783963e+02 1.778822e+02 5.140357e-01 0.000000e+00 0.000000e+00 0.000000e+00 0.000000e+00 0.000000e+00 0.000000e+00 # tot pos flux tdel gal plim crv ring weak

Source #1
  posn:  1.579837e-01  2.791065e-01
  flux:  4.514812e+01
     h:  7.000000e-01
  zsrc:  2.379000e+00
tscale:  4.789846e+01
images:
  -3.4800   4.5600 (5.0e-02) 1000.0000 ( 1.00e+03)   0.00 (0.0e+00) ->  -3.4466   4.4969 1207.0939  56.9814
   5.0400   1.3600 (5.0e-02) -1000.0000 ( 1.00e+03)   0.00 (0.0e+00) ->   5.2317   1.4306 -495.7355   0.0000

Source #2
  posn: -1.339152e-01 -7.712418e-02
  flux:  9.359654e+01
     h:  7.000000e-01
  zsrc:  2.379000e+00
tscale:  4.789846e+01
images:
   1.6800   5.2000 (5.0e-02) 1000.0000 ( 1.00e+03)   0.00 (0.0e+00) ->   1.5104   4.7606 771.8180  99.6987
   4.6000  -2.2400 (5.0e-02) -1000.0000 ( 1.00e+03)   0.00 (0.0e+00) ->   4.9062  -2.3511 -1152.7748   0.0000

Source #3
  posn:  3.164091e-01  3.747303e-01
  flux:  1.317415e+02
     h:  7.000000e-01
  zsrc:  2.379000e+00
tscale:  4.789846e+01
images:
   5.4400   1.8400 (5.0e-02) 1000.0000 ( 1.00e+03)   0.00 (0.0e+00) ->   5.2687   1.8276 1185.6426   0.0000
  -1.5200  -4.2000 (5.0e-02) -1000.0000 ( 1.00e+03)   0.00 (0.0e+00) ->  -1.6753  -4.3277 -672.8995 377.2872


LENS PARMS:
   alpha 5.243929e+00 0.0 0.0 1.448710e-01 2.552752e+00 3.665618e-02 -5.000000e+01 0.0 0.0 1.000000e+00
SOURCE PARMS:
   ptsrc 7.389824e+01 1.157679e-01 3.056371e-01 0.0 0.0 0.0 0.0 0.0
   ptsrc 1.120261e+02 -4.211557e-02 -6.205686e-02 0.0 0.0 0.0 0.0 0.0
   ptsrc 1.057222e+02 2.218417e-01 3.746088e-01 0.0 0.0 0.0 0.0 0.0
CHISQ: 1.937870e+02 1.934450e+02 3.419866e-01 0.000000e+00 0.000000e+00 0.000000e+00 0.000000e+00 0.000000e+00 0.000000e+00 # tot pos flux tdel gal plim crv ring weak

Source #1
  posn:  1.157679e-01  3.056371e-01
  flux:  7.389824e+01
     h:  7.000000e-01
  zsrc:  2.379000e+00
tscale:  4.789846e+01
images:
  -3.4800   4.5600 (5.0e-02) 1000.0000 ( 1.00e+03)   0.00 (0.0e+00) ->  -3.4196   4.4328 1033.4934   8.4380
   5.0400   1.3600 (5.0e-02) -1000.0000 ( 1.00e+03)   0.00 (0.0e+00) ->   5.2609   1.4350 -964.0957   0.0000

Source #2
  posn: -4.211557e-02 -6.205686e-02
  flux:  1.120261e+02
     h:  7.000000e-01
  zsrc:  2.379000e+00
tscale:  4.789846e+01
images:
   1.6800   5.2000 (5.0e-02) 1000.0000 ( 1.00e+03)   0.00 (0.0e+00) ->   1.5418   4.7689 843.9926 124.1349
   4.6000  -2.2400 (5.0e-02) -1000.0000 ( 1.00e+03)   0.00 (0.0e+00) ->   4.9266  -2.3668 -1117.7937   0.0000

Source #3
  posn:  2.218417e-01  3.746088e-01
  flux:  1.057222e+02
     h:  7.000000e-01
  zsrc:  2.379000e+00
tscale:  4.789846e+01
images:
   5.4400   1.8400 (5.0e-02) 1000.0000 ( 1.00e+03)   0.00 (0.0e+00) ->   5.2559   1.8212 1207.0567   0.0000
  -1.5200  -4.2000 (5.0e-02) -1000.0000 ( 1.00e+03)   0.00 (0.0e+00) ->  -1.6873  -4.3395 -491.5814 331.7428


LENS PARMS:
   alpha 5.218348e+00 0.0 0.0 1.711276e-01 -2.235281e+01 2.729608e-07 -4.500000e+01 0.0 0.0 1.000000e+00
SOURCE PARMS:
   ptsrc 7.763667e+01 7.958260e-02 3.445723e-01 0.0 0.0 0.0 0.0 0.0
   ptsrc 1.326493e+02 3.604856e-02 -5.896143e-02 0.0 0.0 0.0 0.0 0.0
   ptsrc 8.269395e+01 1.489921e-01 3.948690e-01 0.0 0.0 0.0 0.0 0.0
CHISQ: 1.974151e+02 1.968544e+02 5.606928e-01 0.000000e+00 0.000000e+00 0.000000e+00 0.000000e+00 0.000000e+00 0.000000e+00 # tot pos flux tdel gal plim crv ring weak

Source #1
  posn:  7.958260e-02  3.445723e-01
  flux:  7.763667e+01
     h:  7.000000e-01
  zsrc:  2.379000e+00
tscale:  4.789846e+01
images:
  -3.4800   4.5600 (5.0e-02) 1000.0000 ( 1.00e+03)   0.00 (0.0e+00) ->  -3.4074   4.3936 757.2393   0.0000
   5.0400   1.3600 (5.0e-02) -1000.0000 ( 1.00e+03)   0.00 (0.0e+00) ->   5.2734   1.4301 -1158.6562  36.2316

Source #2
  posn:  3.604856e-02 -5.896143e-02
  flux:  1.326493e+02
     h:  7.000000e-01
  zsrc:  2.379000e+00
tscale:  4.789846e+01
images:
   1.6800   5.2000 (5.0e-02) 1000.0000 ( 1.00e+03)   0.00 (0.0e+00) ->   1.5730   4.7917 914.1908 154.0029
   4.6000  -2.2400 (5.0e-02) -1000.0000 ( 1.00e+03)   0.00 (0.0e+00) ->   4.9322  -2.3686 -1073.1021   0.0000

Source #3
  posn:  1.489921e-01  3.948690e-01
  flux:  8.269395e+01
     h:  7.000000e-01
  zsrc:  2.379000e+00
tscale:  4.789846e+01
images:
   5.4400   1.8400 (5.0e-02) 1000.0000 ( 1.00e+03)   0.00 (0.0e+00) ->   5.2392   1.8167 1190.1307   0.0000
  -1.5200  -4.2000 (5.0e-02) -1000.0000 ( 1.00e+03)   0.00 (0.0e+00) ->  -1.7011  -4.3453 -345.9882 307.6437


LENS PARMS:
   alpha 5.218348e+00 0.0 0.0 1.711276e-01 -2.235281e+01 2.729608e-07 -4.000000e+01 0.0 0.0 1.000000e+00
SOURCE PARMS:
   ptsrc 7.763677e+01 7.958278e-02 3.445724e-01 0.0 0.0 0.0 0.0 0.0
   ptsrc 1.326494e+02 3.604835e-02 -5.896157e-02 0.0 0.0 0.0 0.0 0.0
   ptsrc 8.269409e+01 1.489922e-01 3.948692e-01 0.0 0.0 0.0 0.0 0.0
CHISQ: 1.974152e+02 1.968545e+02 5.606917e-01 0.000000e+00 0.000000e+00 0.000000e+00 0.000000e+00 0.000000e+00 0.000000e+00 # tot pos flux tdel gal plim crv ring weak

Source #1
  posn:  7.958278e-02  3.445724e-01
  flux:  7.763677e+01
     h:  7.000000e-01
  zsrc:  2.379000e+00
tscale:  4.789846e+01
images:
  -3.4800   4.5600 (5.0e-02) 1000.0000 ( 1.00e+03)   0.00 (0.0e+00) ->  -3.4074   4.3936 757.2405   0.0000
   5.0400   1.3600 (5.0e-02) -1000.0000 ( 1.00e+03)   0.00 (0.0e+00) ->   5.2734   1.4301 -1158.6557  36.2314

Source #2
  posn:  3.604835e-02 -5.896157e-02
  flux:  1.326494e+02
     h:  7.000000e-01
  zsrc:  2.379000e+00
tscale:  4.789846e+01
images:
   1.6800   5.2000 (5.0e-02) 1000.0000 ( 1.00e+03)   0.00 (0.0e+00) ->   1.5730   4.7917 914.1904 154.0029
   4.6000  -2.2400 (5.0e-02) -1000.0000 ( 1.00e+03)   0.00 (0.0e+00) ->   4.9322  -2.3686 -1073.1023   0.0000

Source #3
  posn:  1.489922e-01  3.948692e-01
  flux:  8.269409e+01
     h:  7.000000e-01
  zsrc:  2.379000e+00
tscale:  4.789846e+01
images:
   5.4400   1.8400 (5.0e-02) 1000.0000 ( 1.00e+03)   0.00 (0.0e+00) ->   5.2392   1.8167 1190.1308   0.0000
  -1.5200  -4.2000 (5.0e-02) -1000.0000 ( 1.00e+03)   0.00 (0.0e+00) ->  -1.7011  -4.3453 -345.9886 307.6439


LENS PARMS:
   alpha 5.218348e+00 0.0 0.0 1.711276e-01 -2.235281e+01 2.729608e-07 -3.500000e+01 0.0 0.0 1.000000e+00
SOURCE PARMS:
   ptsrc 7.763688e+01 7.958296e-02 3.445725e-01 0.0 0.0 0.0 0.0 0.0
   ptsrc 1.326494e+02 3.604810e-02 -5.896171e-02 0.0 0.0 0.0 0.0 0.0
   ptsrc 8.269424e+01 1.489924e-01 3.948694e-01 0.0 0.0 0.0 0.0 0.0
CHISQ: 1.974153e+02 1.968546e+02 5.606904e-01 0.000000e+00 0.000000e+00 0.000000e+00 0.000000e+00 0.000000e+00 0.000000e+00 # tot pos flux tdel gal plim crv ring weak

Source #1
  posn:  7.958296e-02  3.445725e-01
  flux:  7.763688e+01
     h:  7.000000e-01
  zsrc:  2.379000e+00
tscale:  4.789846e+01
images:
  -3.4800   4.5600 (5.0e-02) 1000.0000 ( 1.00e+03)   0.00 (0.0e+00) ->  -3.4074   4.3936 757.2418   0.0000
   5.0400   1.3600 (5.0e-02) -1000.0000 ( 1.00e+03)   0.00 (0.0e+00) ->   5.2734   1.4301 -1158.6552  36.2313

Source #2
  posn:  3.604810e-02 -5.896171e-02
  flux:  1.326494e+02
     h:  7.000000e-01
  zsrc:  2.379000e+00
tscale:  4.789846e+01
images:
   1.6800   5.2000 (5.0e-02) 1000.0000 ( 1.00e+03)   0.00 (0.0e+00) ->   1.5730   4.7917 914.1900 154.0030
   4.6000  -2.2400 (5.0e-02) -1000.0000 ( 1.00e+03)   0.00 (0.0e+00) ->   4.9322  -2.3686 -1073.1026   0.0000

Source #3
  posn:  1.489924e-01  3.948694e-01
  flux:  8.269424e+01
     h:  7.000000e-01
  zsrc:  2.379000e+00
tscale:  4.789846e+01
images:
   5.4400   1.8400 (5.0e-02) 1000.0000 ( 1.00e+03)   0.00 (0.0e+00) ->   5.2392   1.8167 1190.1309   0.0000
  -1.5200  -4.2000 (5.0e-02) -1000.0000 ( 1.00e+03)   0.00 (0.0e+00) ->  -1.7011  -4.3453 -345.9891 307.6441


LENS PARMS:
   alpha 5.218348e+00 0.0 0.0 1.711276e-01 -2.235281e+01 2.729608e-07 -3.000000e+01 0.0 0.0 1.000000e+00
SOURCE PARMS:
   ptsrc 7.763698e+01 7.958315e-02 3.445726e-01 0.0 0.0 0.0 0.0 0.0
   ptsrc 1.326495e+02 3.604783e-02 -5.896186e-02 0.0 0.0 0.0 0.0 0.0
   ptsrc 8.269439e+01 1.489926e-01 3.948695e-01 0.0 0.0 0.0 0.0 0.0
CHISQ: 1.974153e+02 1.968546e+02 5.606890e-01 0.000000e+00 0.000000e+00 0.000000e+00 0.000000e+00 0.000000e+00 0.000000e+00 # tot pos flux tdel gal plim crv ring weak

Source #1
  posn:  7.958315e-02  3.445726e-01
  flux:  7.763698e+01
     h:  7.000000e-01
  zsrc:  2.379000e+00
tscale:  4.789846e+01
images:
  -3.4800   4.5600 (5.0e-02) 1000.0000 ( 1.00e+03)   0.00 (0.0e+00) ->  -3.4074   4.3936 757.2433   0.0000
   5.0400   1.3600 (5.0e-02) -1000.0000 ( 1.00e+03)   0.00 (0.0e+00) ->   5.2734   1.4301 -1158.6546  36.2311

Source #2
  posn:  3.604783e-02 -5.896186e-02
  flux:  1.326495e+02
     h:  7.000000e-01
  zsrc:  2.379000e+00
tscale:  4.789846e+01
images:
   1.6800   5.2000 (5.0e-02) 1000.0000 ( 1.00e+03)   0.00 (0.0e+00) ->   1.5730   4.7917 914.1896 154.0030
   4.6000  -2.2400 (5.0e-02) -1000.0000 ( 1.00e+03)   0.00 (0.0e+00) ->   4.9322  -2.3686 -1073.1030   0.0000

Source #3
  posn:  1.489926e-01  3.948695e-01
  flux:  8.269439e+01
     h:  7.000000e-01
  zsrc:  2.379000e+00
tscale:  4.789846e+01
images:
   5.4400   1.8400 (5.0e-02) 1000.0000 ( 1.00e+03)   0.00 (0.0e+00) ->   5.2392   1.8167 1190.1310   0.0000
  -1.5200  -4.2000 (5.0e-02) -1000.0000 ( 1.00e+03)   0.00 (0.0e+00) ->  -1.7011  -4.3453 -345.9896 307.6443


LENS PARMS:
   alpha 5.218348e+00 0.0 0.0 1.711276e-01 -2.235281e+01 2.729608e-07 -2.500000e+01 0.0 0.0 1.000000e+00
SOURCE PARMS:
   ptsrc 7.763708e+01 7.958333e-02 3.445726e-01 0.0 0.0 0.0 0.0 0.0
   ptsrc 1.326495e+02 3.604754e-02 -5.896201e-02 0.0 0.0 0.0 0.0 0.0
   ptsrc 8.269455e+01 1.489928e-01 3.948696e-01 0.0 0.0 0.0 0.0 0.0
CHISQ: 1.974154e+02 1.968547e+02 5.606875e-01 0.000000e+00 0.000000e+00 0.000000e+00 0.000000e+00 0.000000e+00 0.000000e+00 # tot pos flux tdel gal plim crv ring weak

Source #1
  posn:  7.958333e-02  3.445726e-01
  flux:  7.763708e+01
     h:  7.000000e-01
  zsrc:  2.379000e+00
tscale:  4.789846e+01
images:
  -3.4800   4.5600 (5.0e-02) 1000.0000 ( 1.00e+03)   0.00 (0.0e+00) ->  -3.4074   4.3936 757.2448   0.0000
   5.0400   1.3600 (5.0e-02) -1000.0000 ( 1.00e+03)   0.00 (0.0e+00) ->   5.2734   1.4301 -1158.6540  36.2309

Source #2
  posn:  3.604754e-02 -5.896201e-02
  flux:  1.326495e+02
     h:  7.000000e-01
  zsrc:  2.379000e+00
tscale:  4.789846e+01
images:
   1.6800   5.2000 (5.0e-02) 1000.0000 ( 1.00e+03)   0.00 (0.0e+00) ->   1.5730   4.7917 914.1891 154.0031
   4.6000  -2.2400 (5.0e-02) -1000.0000 ( 1.00e+03)   0.00 (0.0e+00) ->   4.9322  -2.3686 -1073.1033   0.0000

Source #3
  posn:  1.489928e-01  3.948696e-01
  flux:  8.269455e+01
     h:  7.000000e-01
  zsrc:  2.379000e+00
tscale:  4.789846e+01
images:
   5.4400   1.8400 (5.0e-02) 1000.0000 ( 1.00e+03)   0.00 (0.0e+00) ->   5.2392   1.8167 1190.1311   0.0000
  -1.5200  -4.2000 (5.0e-02) -1000.0000 ( 1.00e+03)   0.00 (0.0e+00) ->  -1.7011  -4.3453 -345.9901 307.6445


LENS PARMS:
   alpha 5.218348e+00 0.0 0.0 1.711276e-01 -2.235281e+01 2.729608e-07 -2.000000e+01 0.0 0.0 1.000000e+00
SOURCE PARMS:
   ptsrc 7.763717e+01 7.958350e-02 3.445726e-01 0.0 0.0 0.0 0.0 0.0
   ptsrc 1.326495e+02 3.604725e-02 -5.896215e-02 0.0 0.0 0.0 0.0 0.0
   ptsrc 8.269470e+01 1.489929e-01 3.948696e-01 0.0 0.0 0.0 0.0 0.0
CHISQ: 1.974154e+02 1.968548e+02 5.606860e-01 0.000000e+00 0.000000e+00 0.000000e+00 0.000000e+00 0.000000e+00 0.000000e+00 # tot pos flux tdel gal plim crv ring weak

Source #1
  posn:  7.958350e-02  3.445726e-01
  flux:  7.763717e+01
     h:  7.000000e-01
  zsrc:  2.379000e+00
tscale:  4.789846e+01
images:
  -3.4800   4.5600 (5.0e-02) 1000.0000 ( 1.00e+03)   0.00 (0.0e+00) ->  -3.4074   4.3936 757.2463   0.0000
   5.0400   1.3600 (5.0e-02) -1000.0000 ( 1.00e+03)   0.00 (0.0e+00) ->   5.2734   1.4301 -1158.6534  36.2307

Source #2
  posn:  3.604725e-02 -5.896215e-02
  flux:  1.326495e+02
     h:  7.000000e-01
  zsrc:  2.379000e+00
tscale:  4.789846e+01
images:
   1.6800   5.2000 (5.0e-02) 1000.0000 ( 1.00e+03)   0.00 (0.0e+00) ->   1.5730   4.7917 914.1886 154.0031
   4.6000  -2.2400 (5.0e-02) -1000.0000 ( 1.00e+03)   0.00 (0.0e+00) ->   4.9322  -2.3686 -1073.1036   0.0000

Source #3
  posn:  1.489929e-01  3.948696e-01
  flux:  8.269470e+01
     h:  7.000000e-01
  zsrc:  2.379000e+00
tscale:  4.789846e+01
images:
   5.4400   1.8400 (5.0e-02) 1000.0000 ( 1.00e+03)   0.00 (0.0e+00) ->   5.2392   1.8167 1190.1312   0.0000
  -1.5200  -4.2000 (5.0e-02) -1000.0000 ( 1.00e+03)   0.00 (0.0e+00) ->  -1.7011  -4.3453 -345.9907 307.6447


LENS PARMS:
   alpha 5.218348e+00 0.0 0.0 1.711276e-01 -2.235281e+01 2.729608e-07 -1.500000e+01 0.0 0.0 1.000000e+00
SOURCE PARMS:
   ptsrc 7.763725e+01 7.958366e-02 3.445726e-01 0.0 0.0 0.0 0.0 0.0
   ptsrc 1.326495e+02 3.604695e-02 -5.896229e-02 0.0 0.0 0.0 0.0 0.0
   ptsrc 8.269484e+01 1.489931e-01 3.948696e-01 0.0 0.0 0.0 0.0 0.0
CHISQ: 1.974155e+02 1.968548e+02 5.606845e-01 0.000000e+00 0.000000e+00 0.000000e+00 0.000000e+00 0.000000e+00 0.000000e+00 # tot pos flux tdel gal plim crv ring weak

Source #1
  posn:  7.958366e-02  3.445726e-01
  flux:  7.763725e+01
     h:  7.000000e-01
  zsrc:  2.379000e+00
tscale:  4.789846e+01
images:
  -3.4800   4.5600 (5.0e-02) 1000.0000 ( 1.00e+03)   0.00 (0.0e+00) ->  -3.4074   4.3936 757.2479   0.0000
   5.0400   1.3600 (5.0e-02) -1000.0000 ( 1.00e+03)   0.00 (0.0e+00) ->   5.2734   1.4301 -1158.6528  36.2305

Source #2
  posn:  3.604695e-02 -5.896229e-02
  flux:  1.326495e+02
     h:  7.000000e-01
  zsrc:  2.379000e+00
tscale:  4.789846e+01
images:
   1.6800   5.2000 (5.0e-02) 1000.0000 ( 1.00e+03)   0.00 (0.0e+00) ->   1.5730   4.7917 914.1882 154.0031
   4.6000  -2.2400 (5.0e-02) -1000.0000 ( 1.00e+03)   0.00 (0.0e+00) ->   4.9322  -2.3686 -1073.1040   0.0000

Source #3
  posn:  1.489931e-01  3.948696e-01
  flux:  8.269484e+01
     h:  7.000000e-01
  zsrc:  2.379000e+00
tscale:  4.789846e+01
images:
   5.4400   1.8400 (5.0e-02) 1000.0000 ( 1.00e+03)   0.00 (0.0e+00) ->   5.2392   1.8167 1190.1314   0.0000
  -1.5200  -4.2000 (5.0e-02) -1000.0000 ( 1.00e+03)   0.00 (0.0e+00) ->  -1.7011  -4.3453 -345.9913 307.6448


LENS PARMS:
   alpha 5.218348e+00 0.0 0.0 1.711276e-01 -2.235281e+01 2.729608e-07 -1.000000e+01 0.0 0.0 1.000000e+00
SOURCE PARMS:
   ptsrc 7.763731e+01 7.958380e-02 3.445724e-01 0.0 0.0 0.0 0.0 0.0
   ptsrc 1.326494e+02 3.604667e-02 -5.896241e-02 0.0 0.0 0.0 0.0 0.0
   ptsrc 8.269497e+01 1.489933e-01 3.948695e-01 0.0 0.0 0.0 0.0 0.0
CHISQ: 1.974155e+02 1.968548e+02 5.606830e-01 0.000000e+00 0.000000e+00 0.000000e+00 0.000000e+00 0.000000e+00 0.000000e+00 # tot pos flux tdel gal plim crv ring weak

Source #1
  posn:  7.958380e-02  3.445724e-01
  flux:  7.763731e+01
     h:  7.000000e-01
  zsrc:  2.379000e+00
tscale:  4.789846e+01
images:
  -3.4800   4.5600 (5.0e-02) 1000.0000 ( 1.00e+03)   0.00 (0.0e+00) ->  -3.4074   4.3936 757.2493   0.0000
   5.0400   1.3600 (5.0e-02) -1000.0000 ( 1.00e+03)   0.00 (0.0e+00) ->   5.2734   1.4301 -1158.6522  36.2303

Source #2
  posn:  3.604667e-02 -5.896241e-02
  flux:  1.326494e+02
     h:  7.000000e-01
  zsrc:  2.379000e+00
tscale:  4.789846e+01
images:
   1.6800   5.2000 (5.0e-02) 1000.0000 ( 1.00e+03)   0.00 (0.0e+00) ->   1.5730   4.7917 914.1878 154.0030
   4.6000  -2.2400 (5.0e-02) -1000.0000 ( 1.00e+03)   0.00 (0.0e+00) ->   4.9322  -2.3686 -1073.1043   0.0000

Source #3
  posn:  1.489933e-01  3.948695e-01
  flux:  8.269497e+01
     h:  7.000000e-01
  zsrc:  2.379000e+00
tscale:  4.789846e+01
images:
   5.4400   1.8400 (5.0e-02) 1000.0000 ( 1.00e+03)   0.00 (0.0e+00) ->   5.2392   1.8167 1190.1315   0.0000
  -1.5200  -4.2000 (5.0e-02) -1000.0000 ( 1.00e+03)   0.00 (0.0e+00) ->  -1.7011  -4.3453 -345.9919 307.6449


LENS PARMS:
   alpha 5.218348e+00 0.0 0.0 1.711276e-01 -2.235281e+01 2.729608e-07 -5.000000e+00 0.0 0.0 1.000000e+00
SOURCE PARMS:
   ptsrc 7.763736e+01 7.958391e-02 3.445723e-01 0.0 0.0 0.0 0.0 0.0
   ptsrc 1.326494e+02 3.604640e-02 -5.896251e-02 0.0 0.0 0.0 0.0 0.0
   ptsrc 8.269508e+01 1.489934e-01 3.948694e-01 0.0 0.0 0.0 0.0 0.0
CHISQ: 1.974155e+02 1.968548e+02 5.606816e-01 0.000000e+00 0.000000e+00 0.000000e+00 0.000000e+00 0.000000e+00 0.000000e+00 # tot pos flux tdel gal plim crv ring weak

Source #1
  posn:  7.958391e-02  3.445723e-01
  flux:  7.763736e+01
     h:  7.000000e-01
  zsrc:  2.379000e+00
tscale:  4.789846e+01
images:
  -3.4800   4.5600 (5.0e-02) 1000.0000 ( 1.00e+03)   0.00 (0.0e+00) ->  -3.4074   4.3936 757.2507   0.0000
   5.0400   1.3600 (5.0e-02) -1000.0000 ( 1.00e+03)   0.00 (0.0e+00) ->   5.2734   1.4301 -1158.6517  36.2301

Source #2
  posn:  3.604640e-02 -5.896251e-02
  flux:  1.326494e+02
     h:  7.000000e-01
  zsrc:  2.379000e+00
tscale:  4.789846e+01
images:
   1.6800   5.2000 (5.0e-02) 1000.0000 ( 1.00e+03)   0.00 (0.0e+00) ->   1.5730   4.7917 914.1874 154.0030
   4.6000  -2.2400 (5.0e-02) -1000.0000 ( 1.00e+03)   0.00 (0.0e+00) ->   4.9322  -2.3686 -1073.1045   0.0000

Source #3
  posn:  1.489934e-01  3.948694e-01
  flux:  8.269508e+01
     h:  7.000000e-01
  zsrc:  2.379000e+00
tscale:  4.789846e+01
images:
   5.4400   1.8400 (5.0e-02) 1000.0000 ( 1.00e+03)   0.00 (0.0e+00) ->   5.2392   1.8167 1190.1316   0.0000
  -1.5200  -4.2000 (5.0e-02) -1000.0000 ( 1.00e+03)   0.00 (0.0e+00) ->  -1.7011  -4.3453 -345.9925 307.6449


LENS PARMS:
   alpha 5.218348e+00 0.0 0.0 1.711276e-01 -2.235281e+01 2.729608e-07 0.0 0.0 0.0 1.000000e+00
SOURCE PARMS:
   ptsrc 7.763740e+01 7.958400e-02 3.445721e-01 0.0 0.0 0.0 0.0 0.0
   ptsrc 1.326493e+02 3.604616e-02 -5.896260e-02 0.0 0.0 0.0 0.0 0.0
   ptsrc 8.269517e+01 1.489935e-01 3.948692e-01 0.0 0.0 0.0 0.0 0.0
CHISQ: 1.974155e+02 1.968548e+02 5.606803e-01 0.000000e+00 0.000000e+00 0.000000e+00 0.000000e+00 0.000000e+00 0.000000e+00 # tot pos flux tdel gal plim crv ring weak

Source #1
  posn:  7.958400e-02  3.445721e-01
  flux:  7.763740e+01
     h:  7.000000e-01
  zsrc:  2.379000e+00
tscale:  4.789846e+01
images:
  -3.4800   4.5600 (5.0e-02) 1000.0000 ( 1.00e+03)   0.00 (0.0e+00) ->  -3.4074   4.3936 757.2519   0.0000
   5.0400   1.3600 (5.0e-02) -1000.0000 ( 1.00e+03)   0.00 (0.0e+00) ->   5.2734   1.4301 -1158.6512  36.2300

Source #2
  posn:  3.604616e-02 -5.896260e-02
  flux:  1.326493e+02
     h:  7.000000e-01
  zsrc:  2.379000e+00
tscale:  4.789846e+01
images:
   1.6800   5.2000 (5.0e-02) 1000.0000 ( 1.00e+03)   0.00 (0.0e+00) ->   1.5730   4.7917 914.1871 154.0029
   4.6000  -2.2400 (5.0e-02) -1000.0000 ( 1.00e+03)   0.00 (0.0e+00) ->   4.9322  -2.3686 -1073.1048   0.0000

Source #3
  posn:  1.489935e-01  3.948692e-01
  flux:  8.269517e+01
     h:  7.000000e-01
  zsrc:  2.379000e+00
tscale:  4.789846e+01
images:
   5.4400   1.8400 (5.0e-02) 1000.0000 ( 1.00e+03)   0.00 (0.0e+00) ->   5.2392   1.8167 1190.1318   0.0000
  -1.5200  -4.2000 (5.0e-02) -1000.0000 ( 1.00e+03)   0.00 (0.0e+00) ->  -1.7011  -4.3453 -345.9930 307.6449


LENS PARMS:
   alpha 5.218348e+00 0.0 0.0 1.711276e-01 -2.235281e+01 2.729608e-07 5.000000e+00 0.0 0.0 1.000000e+00
SOURCE PARMS:
   ptsrc 7.763741e+01 7.958406e-02 3.445719e-01 0.0 0.0 0.0 0.0 0.0
   ptsrc 1.326492e+02 3.604595e-02 -5.896266e-02 0.0 0.0 0.0 0.0 0.0
   ptsrc 8.269524e+01 1.489936e-01 3.948690e-01 0.0 0.0 0.0 0.0 0.0
CHISQ: 1.974155e+02 1.968548e+02 5.606792e-01 0.000000e+00 0.000000e+00 0.000000e+00 0.000000e+00 0.000000e+00 0.000000e+00 # tot pos flux tdel gal plim crv ring weak

Source #1
  posn:  7.958406e-02  3.445719e-01
  flux:  7.763741e+01
     h:  7.000000e-01
  zsrc:  2.379000e+00
tscale:  4.789846e+01
images:
  -3.4800   4.5600 (5.0e-02) 1000.0000 ( 1.00e+03)   0.00 (0.0e+00) ->  -3.4074   4.3936 757.2529   0.0000
   5.0400   1.3600 (5.0e-02) -1000.0000 ( 1.00e+03)   0.00 (0.0e+00) ->   5.2734   1.4301 -1158.6509  36.2298

Source #2
  posn:  3.604595e-02 -5.896266e-02
  flux:  1.326492e+02
     h:  7.000000e-01
  zsrc:  2.379000e+00
tscale:  4.789846e+01
images:
   1.6800   5.2000 (5.0e-02) 1000.0000 ( 1.00e+03)   0.00 (0.0e+00) ->   1.5730   4.7917 914.1868 154.0028
   4.6000  -2.2400 (5.0e-02) -1000.0000 ( 1.00e+03)   0.00 (0.0e+00) ->   4.9322  -2.3686 -1073.1050   0.0000

Source #3
  posn:  1.489936e-01  3.948690e-01
  flux:  8.269524e+01
     h:  7.000000e-01
  zsrc:  2.379000e+00
tscale:  4.789846e+01
images:
   5.4400   1.8400 (5.0e-02) 1000.0000 ( 1.00e+03)   0.00 (0.0e+00) ->   5.2392   1.8167 1190.1319   0.0000
  -1.5200  -4.2000 (5.0e-02) -1000.0000 ( 1.00e+03)   0.00 (0.0e+00) ->  -1.7011  -4.3453 -345.9935 307.6448


LENS PARMS:
   alpha 5.218348e+00 0.0 0.0 1.711276e-01 -2.235281e+01 2.729608e-07 1.000000e+01 0.0 0.0 1.000000e+00
SOURCE PARMS:
   ptsrc 7.763741e+01 7.958408e-02 3.445716e-01 0.0 0.0 0.0 0.0 0.0
   ptsrc 1.326491e+02 3.604578e-02 -5.896269e-02 0.0 0.0 0.0 0.0 0.0
   ptsrc 8.269528e+01 1.489937e-01 3.948688e-01 0.0 0.0 0.0 0.0 0.0
CHISQ: 1.974155e+02 1.968548e+02 5.606783e-01 0.000000e+00 0.000000e+00 0.000000e+00 0.000000e+00 0.000000e+00 0.000000e+00 # tot pos flux tdel gal plim crv ring weak

Source #1
  posn:  7.958408e-02  3.445716e-01
  flux:  7.763741e+01
     h:  7.000000e-01
  zsrc:  2.379000e+00
tscale:  4.789846e+01
images:
  -3.4800   4.5600 (5.0e-02) 1000.0000 ( 1.00e+03)   0.00 (0.0e+00) ->  -3.4074   4.3936 757.2537   0.0000
   5.0400   1.3600 (5.0e-02) -1000.0000 ( 1.00e+03)   0.00 (0.0e+00) ->   5.2734   1.4301 -1158.6505  36.2297

Source #2
  posn:  3.604578e-02 -5.896269e-02
  flux:  1.326491e+02
     h:  7.000000e-01
  zsrc:  2.379000e+00
tscale:  4.789846e+01
images:
   1.6800   5.2000 (5.0e-02) 1000.0000 ( 1.00e+03)   0.00 (0.0e+00) ->   1.5730   4.7917 914.1866 154.0027
   4.6000  -2.2400 (5.0e-02) -1000.0000 ( 1.00e+03)   0.00 (0.0e+00) ->   4.9322  -2.3686 -1073.1051   0.0000

Source #3
  posn:  1.489937e-01  3.948688e-01
  flux:  8.269528e+01
     h:  7.000000e-01
  zsrc:  2.379000e+00
tscale:  4.789846e+01
images:
   5.4400   1.8400 (5.0e-02) 1000.0000 ( 1.00e+03)   0.00 (0.0e+00) ->   5.2392   1.8167 1190.1319   0.0000
  -1.5200  -4.2000 (5.0e-02) -1000.0000 ( 1.00e+03)   0.00 (0.0e+00) ->  -1.7011  -4.3453 -345.9939 307.6448


LENS PARMS:
   alpha 5.218348e+00 0.0 0.0 1.711276e-01 -2.235281e+01 2.729608e-07 1.500000e+01 0.0 0.0 1.000000e+00
SOURCE PARMS:
   ptsrc 7.763739e+01 7.958407e-02 3.445713e-01 0.0 0.0 0.0 0.0 0.0
   ptsrc 1.326490e+02 3.604566e-02 -5.896270e-02 0.0 0.0 0.0 0.0 0.0
   ptsrc 8.269529e+01 1.489937e-01 3.948685e-01 0.0 0.0 0.0 0.0 0.0
CHISQ: 1.974155e+02 1.968548e+02 5.606776e-01 0.000000e+00 0.000000e+00 0.000000e+00 0.000000e+00 0.000000e+00 0.000000e+00 # tot pos flux tdel gal plim crv ring weak

Source #1
  posn:  7.958407e-02  3.445713e-01
  flux:  7.763739e+01
     h:  7.000000e-01
  zsrc:  2.379000e+00
tscale:  4.789846e+01
images:
  -3.4800   4.5600 (5.0e-02) 1000.0000 ( 1.00e+03)   0.00 (0.0e+00) ->  -3.4074   4.3936 757.2542   0.0000
   5.0400   1.3600 (5.0e-02) -1000.0000 ( 1.00e+03)   0.00 (0.0e+00) ->   5.2734   1.4301 -1158.6503  36.2296

Source #2
  posn:  3.604566e-02 -5.896270e-02
  flux:  1.326490e+02
     h:  7.000000e-01
  zsrc:  2.379000e+00
tscale:  4.789846e+01
images:
   1.6800   5.2000 (5.0e-02) 1000.0000 ( 1.00e+03)   0.00 (0.0e+00) ->   1.5730   4.7917 914.1865 154.0026
   4.6000  -2.2400 (5.0e-02) -1000.0000 ( 1.00e+03)   0.00 (0.0e+00) ->   4.9322  -2.3686 -1073.1052   0.0000

Source #3
  posn:  1.489937e-01  3.948685e-01
  flux:  8.269529e+01
     h:  7.000000e-01
  zsrc:  2.379000e+00
tscale:  4.789846e+01
images:
   5.4400   1.8400 (5.0e-02) 1000.0000 ( 1.00e+03)   0.00 (0.0e+00) ->   5.2392   1.8167 1190.1320   0.0000
  -1.5200  -4.2000 (5.0e-02) -1000.0000 ( 1.00e+03)   0.00 (0.0e+00) ->  -1.7011  -4.3453 -345.9942 307.6446


LENS PARMS:
   alpha 5.218348e+00 0.0 0.0 1.711276e-01 -2.235281e+01 2.729608e-07 2.000000e+01 0.0 0.0 1.000000e+00
SOURCE PARMS:
   ptsrc 7.763736e+01 7.958403e-02 3.445711e-01 0.0 0.0 0.0 0.0 0.0
   ptsrc 1.326489e+02 3.604558e-02 -5.896268e-02 0.0 0.0 0.0 0.0 0.0
   ptsrc 8.269528e+01 1.489937e-01 3.948682e-01 0.0 0.0 0.0 0.0 0.0
CHISQ: 1.974154e+02 1.968547e+02 5.606772e-01 0.000000e+00 0.000000e+00 0.000000e+00 0.000000e+00 0.000000e+00 0.000000e+00 # tot pos flux tdel gal plim crv ring weak

Source #1
  posn:  7.958403e-02  3.445711e-01
  flux:  7.763736e+01
     h:  7.000000e-01
  zsrc:  2.379000e+00
tscale:  4.789846e+01
images:
  -3.4800   4.5600 (5.0e-02) 1000.0000 ( 1.00e+03)   0.00 (0.0e+00) ->  -3.4074   4.3936 757.2545   0.0000
   5.0400   1.3600 (5.0e-02) -1000.0000 ( 1.00e+03)   0.00 (0.0e+00) ->   5.2734   1.4301 -1158.6502  36.2295

Source #2
  posn:  3.604558e-02 -5.896268e-02
  flux:  1.326489e+02
     h:  7.000000e-01
  zsrc:  2.379000e+00
tscale:  4.789846e+01
images:
   1.6800   5.2000 (5.0e-02) 1000.0000 ( 1.00e+03)   0.00 (0.0e+00) ->   1.5730   4.7917 914.1865 154.0025
   4.6000  -2.2400 (5.0e-02) -1000.0000 ( 1.00e+03)   0.00 (0.0e+00) ->   4.9322  -2.3686 -1073.1052   0.0000

Source #3
  posn:  1.489937e-01  3.948682e-01
  flux:  8.269528e+01
     h:  7.000000e-01
  zsrc:  2.379000e+00
tscale:  4.789846e+01
images:
   5.4400   1.8400 (5.0e-02) 1000.0000 ( 1.00e+03)   0.00 (0.0e+00) ->   5.2392   1.8167 1190.1321   0.0000
  -1.5200  -4.2000 (5.0e-02) -1000.0000 ( 1.00e+03)   0.00 (0.0e+00) ->  -1.7011  -4.3453 -345.9944 307.6445


LENS PARMS:
   alpha 5.218348e+00 0.0 0.0 1.711276e-01 -2.235281e+01 2.729608e-07 2.500000e+01 0.0 0.0 1.000000e+00
SOURCE PARMS:
   ptsrc 7.763730e+01 7.958396e-02 3.445708e-01 0.0 0.0 0.0 0.0 0.0
   ptsrc 1.326488e+02 3.604556e-02 -5.896264e-02 0.0 0.0 0.0 0.0 0.0
   ptsrc 8.269524e+01 1.489937e-01 3.948680e-01 0.0 0.0 0.0 0.0 0.0
CHISQ: 1.974154e+02 1.968547e+02 5.606770e-01 0.000000e+00 0.000000e+00 0.000000e+00 0.000000e+00 0.000000e+00 0.000000e+00 # tot pos flux tdel gal plim crv ring weak

Source #1
  posn:  7.958396e-02  3.445708e-01
  flux:  7.763730e+01
     h:  7.000000e-01
  zsrc:  2.379000e+00
tscale:  4.789846e+01
images:
  -3.4800   4.5600 (5.0e-02) 1000.0000 ( 1.00e+03)   0.00 (0.0e+00) ->  -3.4074   4.3936 757.2545   0.0000
   5.0400   1.3600 (5.0e-02) -1000.0000 ( 1.00e+03)   0.00 (0.0e+00) ->   5.2734   1.4301 -1158.6502  36.2295

Source #2
  posn:  3.604556e-02 -5.896264e-02
  flux:  1.326488e+02
     h:  7.000000e-01
  zsrc:  2.379000e+00
tscale:  4.789846e+01
images:
   1.6800   5.2000 (5.0e-02) 1000.0000 ( 1.00e+03)   0.00 (0.0e+00) ->   1.5730   4.7917 914.1865 154.0024
   4.6000  -2.2400 (5.0e-02) -1000.0000 ( 1.00e+03)   0.00 (0.0e+00) ->   4.9322  -2.3686 -1073.1052   0.0000

Source #3
  posn:  1.489937e-01  3.948680e-01
  flux:  8.269524e+01
     h:  7.000000e-01
  zsrc:  2.379000e+00
tscale:  4.789846e+01
images:
   5.4400   1.8400 (5.0e-02) 1000.0000 ( 1.00e+03)   0.00 (0.0e+00) ->   5.2392   1.8167 1190.1321   0.0000
  -1.5200  -4.2000 (5.0e-02) -1000.0000 ( 1.00e+03)   0.00 (0.0e+00) ->  -1.7011  -4.3453 -345.9945 307.6443


LENS PARMS:
   alpha 5.218348e+00 0.0 0.0 1.711276e-01 -2.235281e+01 2.729608e-07 3.000000e+01 0.0 0.0 1.000000e+00
SOURCE PARMS:
   ptsrc 7.763723e+01 7.958387e-02 3.445705e-01 0.0 0.0 0.0 0.0 0.0
   ptsrc 1.326488e+02 3.604559e-02 -5.896258e-02 0.0 0.0 0.0 0.0 0.0
   ptsrc 8.269517e+01 1.489936e-01 3.948677e-01 0.0 0.0 0.0 0.0 0.0
CHISQ: 1.974153e+02 1.968546e+02 5.606771e-01 0.000000e+00 0.000000e+00 0.000000e+00 0.000000e+00 0.000000e+00 0.000000e+00 # tot pos flux tdel gal plim crv ring weak

Source #1
  posn:  7.958387e-02  3.445705e-01
  flux:  7.763723e+01
     h:  7.000000e-01
  zsrc:  2.379000e+00
tscale:  4.789846e+01
images:
  -3.4800   4.5600 (5.0e-02) 1000.0000 ( 1.00e+03)   0.00 (0.0e+00) ->  -3.4074   4.3936 757.2543   0.0000
   5.0400   1.3600 (5.0e-02) -1000.0000 ( 1.00e+03)   0.00 (0.0e+00) ->   5.2734   1.4301 -1158.6503  36.2295

Source #2
  posn:  3.604559e-02 -5.896258e-02
  flux:  1.326488e+02
     h:  7.000000e-01
  zsrc:  2.379000e+00
tscale:  4.789846e+01
images:
   1.6800   5.2000 (5.0e-02) 1000.0000 ( 1.00e+03)   0.00 (0.0e+00) ->   1.5730   4.7917 914.1866 154.0023
   4.6000  -2.2400 (5.0e-02) -1000.0000 ( 1.00e+03)   0.00 (0.0e+00) ->   4.9322  -2.3686 -1073.1051   0.0000

Source #3
  posn:  1.489936e-01  3.948677e-01
  flux:  8.269517e+01
     h:  7.000000e-01
  zsrc:  2.379000e+00
tscale:  4.789846e+01
images:
   5.4400   1.8400 (5.0e-02) 1000.0000 ( 1.00e+03)   0.00 (0.0e+00) ->   5.2392   1.8167 1190.1321   0.0000
  -1.5200  -4.2000 (5.0e-02) -1000.0000 ( 1.00e+03)   0.00 (0.0e+00) ->  -1.7011  -4.3453 -345.9945 307.6441


LENS PARMS:
   alpha 5.218348e+00 0.0 0.0 1.711276e-01 -2.235281e+01 2.729608e-07 3.500000e+01 0.0 0.0 1.000000e+00
SOURCE PARMS:
   ptsrc 7.763715e+01 7.958374e-02 3.445702e-01 0.0 0.0 0.0 0.0 0.0
   ptsrc 1.326487e+02 3.604567e-02 -5.896249e-02 0.0 0.0 0.0 0.0 0.0
   ptsrc 8.269509e+01 1.489935e-01 3.948674e-01 0.0 0.0 0.0 0.0 0.0
CHISQ: 1.974152e+02 1.968546e+02 5.606775e-01 0.000000e+00 0.000000e+00 0.000000e+00 0.000000e+00 0.000000e+00 0.000000e+00 # tot pos flux tdel gal plim crv ring weak

Source #1
  posn:  7.958374e-02  3.445702e-01
  flux:  7.763715e+01
     h:  7.000000e-01
  zsrc:  2.379000e+00
tscale:  4.789846e+01
images:
  -3.4800   4.5600 (5.0e-02) 1000.0000 ( 1.00e+03)   0.00 (0.0e+00) ->  -3.4074   4.3936 757.2537   0.0000
   5.0400   1.3600 (5.0e-02) -1000.0000 ( 1.00e+03)   0.00 (0.0e+00) ->   5.2734   1.4301 -1158.6505  36.2295

Source #2
  posn:  3.604567e-02 -5.896249e-02
  flux:  1.326487e+02
     h:  7.000000e-01
  zsrc:  2.379000e+00
tscale:  4.789846e+01
images:
   1.6800   5.2000 (5.0e-02) 1000.0000 ( 1.00e+03)   0.00 (0.0e+00) ->   1.5730   4.7917 914.1868 154.0021
   4.6000  -2.2400 (5.0e-02) -1000.0000 ( 1.00e+03)   0.00 (0.0e+00) ->   4.9322  -2.3686 -1073.1049   0.0000

Source #3
  posn:  1.489935e-01  3.948674e-01
  flux:  8.269509e+01
     h:  7.000000e-01
  zsrc:  2.379000e+00
tscale:  4.789846e+01
images:
   5.4400   1.8400 (5.0e-02) 1000.0000 ( 1.00e+03)   0.00 (0.0e+00) ->   5.2392   1.8167 1190.1321   0.0000
  -1.5200  -4.2000 (5.0e-02) -1000.0000 ( 1.00e+03)   0.00 (0.0e+00) ->  -1.7011  -4.3453 -345.9944 307.6439


LENS PARMS:
   alpha 5.218348e+00 0.0 0.0 1.711276e-01 -2.235281e+01 2.729608e-07 4.000000e+01 0.0 0.0 1.000000e+00
SOURCE PARMS:
   ptsrc 7.763706e+01 7.958359e-02 3.445700e-01 0.0 0.0 0.0 0.0 0.0
   ptsrc 1.326486e+02 3.604579e-02 -5.896238e-02 0.0 0.0 0.0 0.0 0.0
   ptsrc 8.269498e+01 1.489934e-01 3.948672e-01 0.0 0.0 0.0 0.0 0.0
CHISQ: 1.974152e+02 1.968545e+02 5.606781e-01 0.000000e+00 0.000000e+00 0.000000e+00 0.000000e+00 0.000000e+00 0.000000e+00 # tot pos flux tdel gal plim crv ring weak

Source #1
  posn:  7.958359e-02  3.445700e-01
  flux:  7.763706e+01
     h:  7.000000e-01
  zsrc:  2.379000e+00
tscale:  4.789846e+01
images:
  -3.4800   4.5600 (5.0e-02) 1000.0000 ( 1.00e+03)   0.00 (0.0e+00) ->  -3.4074   4.3936 757.2530   0.0000
   5.0400   1.3600 (5.0e-02) -1000.0000 ( 1.00e+03)   0.00 (0.0e+00) ->   5.2734   1.4301 -1158.6508  36.2296

Source #2
  posn:  3.604579e-02 -5.896238e-02
  flux:  1.326486e+02
     h:  7.000000e-01
  zsrc:  2.379000e+00
tscale:  4.789846e+01
images:
   1.6800   5.2000 (5.0e-02) 1000.0000 ( 1.00e+03)   0.00 (0.0e+00) ->   1.5730   4.7917 914.1871 154.0020
   4.6000  -2.2400 (5.0e-02) -1000.0000 ( 1.00e+03)   0.00 (0.0e+00) ->   4.9322  -2.3686 -1073.1048   0.0000

Source #3
  posn:  1.489934e-01  3.948672e-01
  flux:  8.269498e+01
     h:  7.000000e-01
  zsrc:  2.379000e+00
tscale:  4.789846e+01
images:
   5.4400   1.8400 (5.0e-02) 1000.0000 ( 1.00e+03)   0.00 (0.0e+00) ->   5.2392   1.8167 1190.1320   0.0000
  -1.5200  -4.2000 (5.0e-02) -1000.0000 ( 1.00e+03)   0.00 (0.0e+00) ->  -1.7011  -4.3453 -345.9942 307.6437


LENS PARMS:
   alpha 5.195024e+00 0.0 0.0 2.089588e-01 -2.762056e+01 1.491541e-02 4.500000e+01 0.0 0.0 1.000000e+00
SOURCE PARMS:
   ptsrc 7.685419e+01 6.401097e-02 3.633353e-01 0.0 0.0 0.0 0.0 0.0
   ptsrc 1.413324e+02 6.687834e-02 -6.145306e-02 0.0 0.0 0.0 0.0 0.0
   ptsrc 7.535138e+01 1.216140e-01 4.080705e-01 0.0 0.0 0.0 0.0 0.0
CHISQ: 1.967497e+02 1.960778e+02 6.719406e-01 0.000000e+00 0.000000e+00 0.000000e+00 0.000000e+00 0.000000e+00 0.000000e+00 # tot pos flux tdel gal plim crv ring weak

Source #1
  posn:  6.401097e-02  3.633353e-01
  flux:  7.685419e+01
     h:  7.000000e-01
  zsrc:  2.379000e+00
tscale:  4.789846e+01
images:
  -3.4800   4.5600 (5.0e-02) 1000.0000 ( 1.00e+03)   0.00 (0.0e+00) ->  -3.4050   4.3828 670.4291   0.0000
   5.0400   1.3600 (5.0e-02) -1000.0000 ( 1.00e+03)   0.00 (0.0e+00) ->   5.2758   1.4270 -1186.2608  54.7690

Source #2
  posn:  6.687834e-02 -6.145306e-02
  flux:  1.413324e+02
     h:  7.000000e-01
  zsrc:  2.379000e+00
tscale:  4.789846e+01
images:
   1.6800   5.2000 (5.0e-02) 1000.0000 ( 1.00e+03)   0.00 (0.0e+00) ->   1.5862   4.8041 935.1982 168.4310
   4.6000  -2.2400 (5.0e-02) -1000.0000 ( 1.00e+03)   0.00 (0.0e+00) ->   4.9331  -2.3679 -1057.3173   0.0000

Source #3
  posn:  1.216140e-01  4.080705e-01
  flux:  7.535138e+01
     h:  7.000000e-01
  zsrc:  2.379000e+00
tscale:  4.789846e+01
images:
   5.4400   1.8400 (5.0e-02) 1000.0000 ( 1.00e+03)   0.00 (0.0e+00) ->   5.2330   1.8161 1178.3743   0.0000
  -1.5200  -4.2000 (5.0e-02) -1000.0000 ( 1.00e+03)   0.00 (0.0e+00) ->  -1.7074  -4.3472 -300.4797 301.9942


LENS PARMS:
   alpha 5.026924e+00 0.0 0.0 3.778288e-01 -3.341419e+01 7.521587e-02 5.000000e+01 0.0 0.0 1.000000e+00
SOURCE PARMS:
   ptsrc 8.649103e+01 -1.521409e-03 4.489251e-01 0.0 0.0 0.0 0.0 0.0
   ptsrc 1.792908e+02 1.846810e-01 -9.343133e-02 0.0 0.0 0.0 0.0 0.0
   ptsrc 6.907106e+01 2.543818e-02 4.856875e-01 0.0 0.0 0.0 0.0 0.0
CHISQ: 1.846532e+02 1.837671e+02 8.861474e-01 0.000000e+00 0.000000e+00 0.000000e+00 0.000000e+00 0.000000e+00 0.000000e+00 # tot pos flux tdel gal plim crv ring weak

Source #1
  posn: -1.521409e-03  4.489251e-01
  flux:  8.649103e+01
     h:  7.000000e-01
  zsrc:  2.379000e+00
tscale:  4.789846e+01
images:
  -3.4800   4.5600 (5.0e-02) 1000.0000 ( 1.00e+03)   0.00 (0.0e+00) ->  -3.4016   4.3607 544.4481   0.0000
   5.0400   1.3600 (5.0e-02) -1000.0000 ( 1.00e+03)   0.00 (0.0e+00) ->   5.2679   1.4144 -1205.7084 126.6167

Source #2
  posn:  1.846810e-01 -9.343133e-02
  flux:  1.792908e+02
     h:  7.000000e-01
  zsrc:  2.379000e+00
tscale:  4.789846e+01
images:
   1.6800   5.2000 (5.0e-02) 1000.0000 ( 1.00e+03)   0.00 (0.0e+00) ->   1.6371   4.8559 959.9447 239.7324
   4.6000  -2.2400 (5.0e-02) -1000.0000 ( 1.00e+03)   0.00 (0.0e+00) ->   4.9275  -2.3592 -1037.0762   0.0000

Source #3
  posn:  2.543818e-02  4.856875e-01
  flux:  6.907106e+01
     h:  7.000000e-01
  zsrc:  2.379000e+00
tscale:  4.789846e+01
images:
   5.4400   1.8400 (5.0e-02) 1000.0000 ( 1.00e+03)   0.00 (0.0e+00) ->   5.2115   1.8235 1148.5121   0.0000
  -1.5200  -4.2000 (5.0e-02) -1000.0000 ( 1.00e+03)   0.00 (0.0e+00) ->  -1.7313  -4.3408 -218.1631 304.5047


LENS PARMS:
   alpha 4.852704e+00 0.0 0.0 4.835220e-01 -3.161262e+01 1.164923e-01 5.500000e+01 0.0 0.0 1.000000e+00
SOURCE PARMS:
   ptsrc 1.152020e+02 -3.604894e-02 5.042590e-01 0.0 0.0 0.0 0.0 0.0
   ptsrc 2.116484e+02 2.493595e-01 -1.257333e-01 0.0 0.0 0.0 0.0 0.0
   ptsrc 9.864443e+01 -4.716489e-03 5.526142e-01 0.0 0.0 0.0 0.0 0.0
CHISQ: 1.613521e+02 1.605606e+02 7.915065e-01 0.000000e+00 0.000000e+00 0.000000e+00 0.000000e+00 0.000000e+00 0.000000e+00 # tot pos flux tdel gal plim crv ring weak

Source #1
  posn: -3.604894e-02  5.042590e-01
  flux:  1.152020e+02
     h:  7.000000e-01
  zsrc:  2.379000e+00
tscale:  4.789846e+01
images:
  -3.4800   4.5600 (5.0e-02) 1000.0000 ( 1.00e+03)   0.00 (0.0e+00) ->  -3.4046   4.3673 622.5380   0.0000
   5.0400   1.3600 (5.0e-02) -1000.0000 ( 1.00e+03)   0.00 (0.0e+00) ->   5.2458   1.4104 -1196.4082 161.2746

Source #2
  posn:  2.493595e-01 -1.257333e-01
  flux:  2.116484e+02
     h:  7.000000e-01
  zsrc:  2.379000e+00
tscale:  4.789846e+01
images:
   1.6800   5.2000 (5.0e-02) 1000.0000 ( 1.00e+03)   0.00 (0.0e+00) ->   1.6727   4.8993 895.6986 297.2550
   4.6000  -2.2400 (5.0e-02) -1000.0000 ( 1.00e+03)   0.00 (0.0e+00) ->   4.9077  -2.3447 -1086.0227   0.0000

Source #3
  posn: -4.716489e-03  5.526142e-01
  flux:  9.864443e+01
     h:  7.000000e-01
  zsrc:  2.379000e+00
tscale:  4.789846e+01
images:
   5.4400   1.8400 (5.0e-02) 1000.0000 ( 1.00e+03)   0.00 (0.0e+00) ->   5.2117   1.8405 1160.4428   0.0000
  -1.5200  -4.2000 (5.0e-02) -1000.0000 ( 1.00e+03)   0.00 (0.0e+00) ->  -1.7467  -4.3185 -247.3831 342.5827


LENS PARMS:
   alpha 4.632591e+00 0.0 0.0 5.798461e-01 -2.858172e+01 1.599276e-01 6.000000e+01 0.0 0.0 1.000000e+00
SOURCE PARMS:
   ptsrc 1.529680e+02 -5.508506e-02 5.451674e-01 0.0 0.0 0.0 0.0 0.0
   ptsrc 2.446308e+02 2.964386e-01 -1.519615e-01 0.0 0.0 0.0 0.0 0.0
   ptsrc 1.505388e+02 7.632985e-03 6.125909e-01 0.0 0.0 0.0 0.0 0.0
CHISQ: 1.281329e+02 1.274086e+02 7.243486e-01 0.000000e+00 0.000000e+00 0.000000e+00 0.000000e+00 0.000000e+00 0.000000e+00 # tot pos flux tdel gal plim crv ring weak

Source #1
  posn: -5.508506e-02  5.451674e-01
  flux:  1.529680e+02
     h:  7.000000e-01
  zsrc:  2.379000e+00
tscale:  4.789846e+01
images:
  -3.4800   4.5600 (5.0e-02) 1000.0000 ( 1.00e+03)   0.00 (0.0e+00) ->  -3.4118   4.3871 728.9018   0.0000
   5.0400   1.3600 (5.0e-02) -1000.0000 ( 1.00e+03)   0.00 (0.0e+00) ->   5.2158   1.4092 -1169.0321 179.6563

Source #2
  posn:  2.964386e-01 -1.519615e-01
  flux:  2.446308e+02
     h:  7.000000e-01
  zsrc:  2.379000e+00
tscale:  4.789846e+01
images:
   1.6800   5.2000 (5.0e-02) 1000.0000 ( 1.00e+03)   0.00 (0.0e+00) ->   1.7097   4.9516 764.3705 356.2998
   4.6000  -2.2400 (5.0e-02) -1000.0000 ( 1.00e+03)   0.00 (0.0e+00) ->   4.8736  -2.3262 -1155.8264   0.0000

Source #3
  posn:  7.632985e-03  6.125909e-01
  flux:  1.505388e+02
     h:  7.000000e-01
  zsrc:  2.379000e+00
tscale:  4.789846e+01
images:
   5.4400   1.8400 (5.0e-02) 1000.0000 ( 1.00e+03)   0.00 (0.0e+00) ->   5.2327   1.8588 1173.3598   0.0000
  -1.5200  -4.2000 (5.0e-02) -1000.0000 ( 1.00e+03)   0.00 (0.0e+00) ->  -1.7561  -4.2816 -284.1608 410.7151


LENS PARMS:
   alpha 4.233661e+00 0.0 0.0 7.036039e-01 -2.498055e+01 2.291933e-01 6.500000e+01 0.0 0.0 1.000000e+00
SOURCE PARMS:
   ptsrc 2.019027e+02 -6.992549e-02 5.772499e-01 0.0 0.0 0.0 0.0 0.0
   ptsrc 2.747270e+02 3.460995e-01 -1.745778e-01 0.0 0.0 0.0 0.0 0.0
   ptsrc 2.293845e+02 7.392412e-02 6.641628e-01 0.0 0.0 0.0 0.0 0.0
CHISQ: 8.020929e+01 7.936228e+01 8.470085e-01 0.000000e+00 0.000000e+00 0.000000e+00 0.000000e+00 0.000000e+00 0.000000e+00 # tot pos flux tdel gal plim crv ring weak

Source #1
  posn: -6.992549e-02  5.772499e-01
  flux:  2.019027e+02
     h:  7.000000e-01
  zsrc:  2.379000e+00
tscale:  4.789846e+01
images:
  -3.4800   4.5600 (5.0e-02) 1000.0000 ( 1.00e+03)   0.00 (0.0e+00) ->  -3.4232   4.4197 828.6202   0.0000
   5.0400   1.3600 (5.0e-02) -1000.0000 ( 1.00e+03)   0.00 (0.0e+00) ->   5.1707   1.4067 -1126.1060 191.7299

Source #2
  posn:  3.460995e-01 -1.745778e-01
  flux:  2.747270e+02
     h:  7.000000e-01
  zsrc:  2.379000e+00
tscale:  4.789846e+01
images:
   1.6800   5.2000 (5.0e-02) 1000.0000 ( 1.00e+03)   0.00 (0.0e+00) ->   1.7588   5.0341 537.7409 442.4980
   4.6000  -2.2400 (5.0e-02) -1000.0000 ( 1.00e+03)   0.00 (0.0e+00) ->   4.8101  -2.3027 -1206.0989   0.0000

Source #3
  posn:  7.392412e-02  6.641628e-01
  flux:  2.293845e+02
     h:  7.000000e-01
  zsrc:  2.379000e+00
tscale:  4.789846e+01
images:
   5.4400   1.8400 (5.0e-02) 1000.0000 ( 1.00e+03)   0.00 (0.0e+00) ->   5.2891   1.8695 1172.6051   0.0000
  -1.5200  -4.2000 (5.0e-02) -1000.0000 ( 1.00e+03)   0.00 (0.0e+00) ->  -1.7442  -4.2230 -281.8204 533.1553


LENS PARMS:
   alpha 3.386550e+00 0.0 0.0 8.699182e-01 -2.081869e+01 3.656209e-01 7.000000e+01 0.0 0.0 1.000000e+00
SOURCE PARMS:
   ptsrc 2.554547e+02 -8.243072e-02 5.640858e-01 0.0 0.0 0.0 0.0 0.0
   ptsrc 2.671736e+02 3.863359e-01 -1.730716e-01 0.0 0.0 0.0 0.0 0.0
   ptsrc 3.117829e+02 2.551039e-01 6.357669e-01 0.0 0.0 0.0 0.0 0.0
CHISQ: 1.675131e+01 1.540235e+01 1.348965e+00 0.000000e+00 0.000000e+00 0.000000e+00 0.000000e+00 0.000000e+00 0.000000e+00 # tot pos flux tdel gal plim crv ring weak

Source #1
  posn: -8.243072e-02  5.640858e-01
  flux:  2.554547e+02
     h:  7.000000e-01
  zsrc:  2.379000e+00
tscale:  4.789846e+01
images:
  -3.4800   4.5600 (5.0e-02) 1000.0000 ( 1.00e+03)   0.00 (0.0e+00) ->  -3.4402   4.4803 886.3512   0.0000
   5.0400   1.3600 (5.0e-02) -1000.0000 ( 1.00e+03)   0.00 (0.0e+00) ->   5.0901   1.3922 -1092.2270 192.1283

Source #2
  posn:  3.863359e-01 -1.730716e-01
  flux:  2.671736e+02
     h:  7.000000e-01
  zsrc:  2.379000e+00
tscale:  4.789846e+01
images:
   1.6800   5.2000 (5.0e-02) 1000.0000 ( 1.00e+03)   0.00 (0.0e+00) ->   1.7786   5.1877 219.5708 600.9039
   4.6000  -2.2400 (5.0e-02) -1000.0000 ( 1.00e+03)   0.00 (0.0e+00) ->   4.6697  -2.2727 -1149.1221   0.0000

Source #3
  posn:  2.551039e-01  6.357669e-01
  flux:  3.117829e+02
     h:  7.000000e-01
  zsrc:  2.379000e+00
tscale:  4.789846e+01
images:
   5.4400   1.8400 (5.0e-02) 1000.0000 ( 1.00e+03)   0.00 (0.0e+00) ->   5.3929   1.8410 1128.2557   0.0000
  -1.5200  -4.2000 (5.0e-02) -1000.0000 ( 1.00e+03)   0.00 (0.0e+00) ->  -1.6040  -4.1559 -175.5084 767.8580


LENS PARMS:
   alpha 3.974185e+00 0.0 0.0 7.688845e-01 -1.743720e+01 2.781915e-01 7.500000e+01 0.0 0.0 1.000000e+00
SOURCE PARMS:
   ptsrc 2.168321e+02 2.088160e-02 5.334662e-01 0.0 0.0 0.0 0.0 0.0
   ptsrc 2.419208e+02 9.440280e-02 -2.884279e-02 0.0 0.0 0.0 0.0 0.0
   ptsrc 2.797792e+02 4.340508e-01 6.316029e-01 0.0 0.0 0.0 0.0 0.0
CHISQ: 2.874977e+00 1.761074e+00 1.113903e+00 0.000000e+00 0.000000e+00 0.000000e+00 0.000000e+00 0.000000e+00 0.000000e+00 # tot pos flux tdel gal plim crv ring weak

Source #1
  posn:  2.088160e-02  5.334662e-01
  flux:  2.168321e+02
     h:  7.000000e-01
  zsrc:  2.379000e+00
tscale:  4.789846e+01
images:
  -3.4800   4.5600 (5.0e-02) 1000.0000 ( 1.00e+03)   0.00 (0.0e+00) ->  -3.4924   4.5572 793.8899   0.0000
   5.0400   1.3600 (5.0e-02) -1000.0000 ( 1.00e+03)   0.00 (0.0e+00) ->   5.0753   1.3651 -1143.1397 132.6027

Source #2
  posn:  9.440280e-02 -2.884279e-02
  flux:  2.419208e+02
     h:  7.000000e-01
  zsrc:  2.379000e+00
tscale:  4.789846e+01
images:
   1.6800   5.2000 (5.0e-02) 1000.0000 ( 1.00e+03)   0.00 (0.0e+00) ->   1.6735   5.2242 335.1038 375.0496
   4.6000  -2.2400 (5.0e-02) -1000.0000 ( 1.00e+03)   0.00 (0.0e+00) ->   4.5829  -2.2387 -1187.6113   0.0000

Source #3
  posn:  4.340508e-01  6.316029e-01
  flux:  2.797792e+02
     h:  7.000000e-01
  zsrc:  2.379000e+00
tscale:  4.789846e+01
images:
   5.4400   1.8400 (5.0e-02) 1000.0000 ( 1.00e+03)   0.00 (0.0e+00) ->   5.4089   1.8359 1165.4547   0.0000
  -1.5200  -4.2000 (5.0e-02) -1000.0000 ( 1.00e+03)   0.00 (0.0e+00) ->  -1.5407  -4.1748 -260.8975 742.9639


LENS PARMS:
   alpha 4.337624e+00 0.0 0.0 6.845305e-01 -1.400198e+01 2.276347e-01 8.000000e+01 0.0 0.0 1.000000e+00
SOURCE PARMS:
   ptsrc 1.837408e+02 9.288065e-02 4.918859e-01 0.0 0.0 0.0 0.0 0.0
   ptsrc 2.134801e+02 -4.444156e-02 2.449385e-02 0.0 0.0 0.0 0.0 0.0
   ptsrc 2.510558e+02 5.248182e-01 6.096425e-01 0.0 0.0 0.0 0.0 0.0
CHISQ: 3.980069e+00 3.058370e+00 9.216990e-01 0.000000e+00 0.000000e+00 0.000000e+00 0.000000e+00 0.000000e+00 0.000000e+00 # tot pos flux tdel gal plim crv ring weak

Source #1
  posn:  9.288065e-02  4.918859e-01
  flux:  1.837408e+02
     h:  7.000000e-01
  zsrc:  2.379000e+00
tscale:  4.789846e+01
images:
  -3.4800   4.5600 (5.0e-02) 1000.0000 ( 1.00e+03)   0.00 (0.0e+00) ->  -3.5133   4.5831 752.4098   0.0000
   5.0400   1.3600 (5.0e-02) -1000.0000 ( 1.00e+03)   0.00 (0.0e+00) ->   5.0778   1.3609 -1160.5220  79.4802

Source #2
  posn: -4.444156e-02  2.449385e-02
  flux:  2.134801e+02
     h:  7.000000e-01
  zsrc:  2.379000e+00
tscale:  4.789846e+01
images:
   1.6800   5.2000 (5.0e-02) 1000.0000 ( 1.00e+03)   0.00 (0.0e+00) ->   1.6574   5.1977 441.2188 257.2054
   4.6000  -2.2400 (5.0e-02) -1000.0000 ( 1.00e+03)   0.00 (0.0e+00) ->   4.5631  -2.2249 -1204.6593   0.0000

Source #3
  posn:  5.248182e-01  6.096425e-01
  flux:  2.510558e+02
     h:  7.000000e-01
  zsrc:  2.379000e+00
tscale:  4.789846e+01
images:
   5.4400   1.8400 (5.0e-02) 1000.0000 ( 1.00e+03)   0.00 (0.0e+00) ->   5.4060   1.8401 1186.9835   0.0000
  -1.5200  -4.2000 (5.0e-02) -1000.0000 ( 1.00e+03)   0.00 (0.0e+00) ->  -1.5548  -4.1908 -332.5076 713.8576


LENS PARMS:
   alpha 4.508230e+00 0.0 0.0 6.373589e-01 -1.020766e+01 2.082107e-01 8.500000e+01 0.0 0.0 1.000000e+00
SOURCE PARMS:
   ptsrc 1.651071e+02 1.511165e-01 4.557471e-01 0.0 0.0 0.0 0.0 0.0
   ptsrc 1.894612e+02 -1.339200e-01 4.554337e-02 0.0 0.0 0.0 0.0 0.0
   ptsrc 2.365187e+02 5.955384e-01 5.873751e-01 0.0 0.0 0.0 0.0 0.0
CHISQ: 6.305839e+00 5.531383e+00 7.744569e-01 0.000000e+00 0.000000e+00 0.000000e+00 0.000000e+00 0.000000e+00 0.000000e+00 # tot pos flux tdel gal plim crv ring weak

Source #1
  posn:  1.511165e-01  4.557471e-01
  flux:  1.651071e+02
     h:  7.000000e-01
  zsrc:  2.379000e+00
tscale:  4.789846e+01
images:
  -3.4800   4.5600 (5.0e-02) 1000.0000 ( 1.00e+03)   0.00 (0.0e+00) ->  -3.5290   4.6012 752.2221   0.0000
   5.0400   1.3600 (5.0e-02) -1000.0000 ( 1.00e+03)   0.00 (0.0e+00) ->   5.0809   1.3594 -1160.5937  31.9375

Source #2
  posn: -1.339200e-01  4.554337e-02
  flux:  1.894612e+02
     h:  7.000000e-01
  zsrc:  2.379000e+00
tscale:  4.789846e+01
images:
   1.6800   5.2000 (5.0e-02) 1000.0000 ( 1.00e+03)   0.00 (0.0e+00) ->   1.6472   5.1760 513.1698 192.9942
   4.6000  -2.2400 (5.0e-02) -1000.0000 ( 1.00e+03)   0.00 (0.0e+00) ->   4.5506  -2.2171 -1206.9841   0.0000

Source #3
  posn:  5.955384e-01  5.873751e-01
  flux:  2.365187e+02
     h:  7.000000e-01
  zsrc:  2.379000e+00
tscale:  4.789846e+01
images:
   5.4400   1.8400 (5.0e-02) 1000.0000 ( 1.00e+03)   0.00 (0.0e+00) ->   5.4034   1.8428 1199.0449   0.0000
  -1.5200  -4.2000 (5.0e-02) -1000.0000 ( 1.00e+03)   0.00 (0.0e+00) ->  -1.5656  -4.2036 -393.5284 706.1836


LENS PARMS:
   alpha 4.601703e+00 0.0 0.0 6.092469e-01 -6.007324e+00 2.023070e-01 9.000000e+01 0.0 0.0 1.000000e+00
SOURCE PARMS:
   ptsrc 1.524819e+02 2.063152e-01 4.243793e-01 0.0 0.0 0.0 0.0 0.0
   ptsrc 1.680810e+02 -2.078039e-01 5.181350e-02 0.0 0.0 0.0 0.0 0.0
   ptsrc 2.273211e+02 6.569473e-01 5.678618e-01 0.0 0.0 0.0 0.0 0.0
CHISQ: 9.755712e+00 9.139888e+00 6.158240e-01 0.000000e+00 0.000000e+00 0.000000e+00 0.000000e+00 0.000000e+00 0.000000e+00 # tot pos flux tdel gal plim crv ring weak

Source #1
  posn:  2.063152e-01  4.243793e-01
  flux:  1.524819e+02
     h:  7.000000e-01
  zsrc:  2.379000e+00
tscale:  4.789846e+01
images:
  -3.4800   4.5600 (5.0e-02) 1000.0000 ( 1.00e+03)   0.00 (0.0e+00) ->  -3.5445   4.6177 780.9732  14.8964
   5.0400   1.3600 (5.0e-02) -1000.0000 ( 1.00e+03)   0.00 (0.0e+00) ->   5.0841   1.3585 -1148.8868   0.0000

Source #2
  posn: -2.078039e-01  5.181350e-02
  flux:  1.680810e+02
     h:  7.000000e-01
  zsrc:  2.379000e+00
tscale:  4.789846e+01
images:
   1.6800   5.2000 (5.0e-02) 1000.0000 ( 1.00e+03)   0.00 (0.0e+00) ->   1.6368   5.1530 583.3742 147.2650
   4.6000  -2.2400 (5.0e-02) -1000.0000 ( 1.00e+03)   0.00 (0.0e+00) ->   4.5420  -2.2117 -1202.1743   0.0000

Source #3
  posn:  6.569473e-01  5.678618e-01
  flux:  2.273211e+02
     h:  7.000000e-01
  zsrc:  2.379000e+00
tscale:  4.789846e+01
images:
   5.4400   1.8400 (5.0e-02) 1000.0000 ( 1.00e+03)   0.00 (0.0e+00) ->   5.3972   1.8444 1206.1196   0.0000
  -1.5200  -4.2000 (5.0e-02) -1000.0000 ( 1.00e+03)   0.00 (0.0e+00) ->  -1.5760  -4.2138 -462.6480 704.4499


